Train_No,Train_Name,Station_Name,Station_Code,Delay,Zone
04082,NDLS HOLI SPL,,,,
