Train_No,Train_Name,Station_Name,Station_Code,Delay,Zone
72451,RAIL MOTOR,,,,
